22.0 8.48528137423857 8.48528137423857 0
21.000957924395706 8.485958756108094 8.485958756108094 -2.5080599986201904
20.001850122517503 8.496896884147127 8.47628754304356 -2.263990442764566
19.026961461213777 9.24928862984038 7.779622109502622 -2.0088792009221166
18.027173787572224 7.86570380618616 7.750070585263901 -0.9906658298174627
17.027646676140048 22.759649046012406 7.716591340598885 -1.7291406058291656
16.02896800333911 22.775396761047322 8.37838323790114 11.820117073061894
15.095112216744154 23.591958775274314 9.149339499249102 11.989092911169735
14.232416688989078 22.32084960634786 10.01063726756818 12.909539050815717
13.435015249126947 35.51490342247915 11.79020689023387 11.500798112822203
13.112403898897504 32.54391573685034 13.313486643602127 25.157835067359592
13.039544221650992 30.56734007979421 11.915958690220464 21.633182742598507
12.630891542023605 29.317777919276978 10.732079847333557 21.319451565246077
12.90605799428666 28.485013562272666 9.789273685790352 21.081230463327636
14.11664782457895 27.875356790776884 9.115753190954464 21.530919794341436
15.613163736455494 17.47373591698651 8.732761186406814 22.684012024099864
15.481345333898759 15.830259558357028 8.253910021071725 10.914216522755638
14.902954117211989 15.148430387558909 7.823591409464112 9.094966784232206
13.913113154119701 14.460668899446445 7.436446747436537 8.021005111464305
25.519895529928817 13.772798122897418 7.087460421922526 6.602971442259843
23.86143119263745 13.10336466175086 6.78164721781413 11.230801038772874
22.594780344160576 12.42306462915745 7.014226047953025 9.635012973570099
21.365567480224726 11.740774617664979 6.821224258979027 7.8221832601814825
20.17861588036421 11.886006514316056 6.659466626594721 6.11292873884711
19.18292651748456 11.195869289386426 6.523385482222573 5.230109988712847
18.043155401079726 11.301428398999372 6.408472310477058 3.4546919435507277
17.044247937420508 11.39286688222379 6.308285946291023 2.3718295512254386
16.04453386981034 11.47480534495442 6.218447264390196 1.2735429126902318
15.044537128754524 11.551949878096227 4.7271929065466685 0.10704076030336296
14.04457564127254 11.62928791837025 22.44637314668339 -0.4980077891392085
13.210914452986085 13.315030274124247 22.57090713795074 -10.470756983809022
12.454455443201695 14.2715407139753 23.5809438219361 -10.64437160282997
11.475645071838628 12.553882573308151 24.67777373623436 -11.695731930840232
10.81515936677307 10.985206281013566 26.762596552762453 -14.592134079299441
10.71707700257983 9.61165250872769 32.73972105797454 -17.27720076070305
10.322749076641639 8.669226135549877 31.434645295570817 -20.183603648785983
9.99995141807245 7.67896875075053 30.4760162491359 -20.826411640238447
10.464549767858156 7.007827272392021 29.88376774232216 -21.395798889176557
11.10686829171663 6.440958952779378 29.661665987209197 -21.44765078560656
12.752986859184436 5.969991815019728 21.268938657395495 -21.337153192720823
14.537726990522591 5.931626964089167 16.862963049600626 -18.119543086037368
18.312301983656056 5.658659238142729 14.413296400033285 -15.322188583161093
22.186763085006902 5.444018876933169 13.746368866665593 -12.286457158928812
24.963210600866564 5.856170856270605 13.060369651508667 -9.975356600098358
23.852730159043396 5.749165643548055 12.367858049335021 -7.865281212271398
22.784945221881678 5.67382457988311 11.68370140536126 -7.7409371363225965
21.7621017599585 5.629627904462596 11.01151492805183 -7.551905391949756
20.786576849850327 6.331011932390141 11.035646411872907 -7.301300985542849
19.79386563776888 6.347188286876807 10.348212658792686 -6.780923123802399
18.86741016382636 6.389746338740681 10.311459451230238 -6.420509502724016
17.994493433099002 7.232502654804409 9.614970380399303 -6.251948426456195
16.998854910727324 7.320088242906943 9.52028601201431 -5.227795563420788
16.182014557553444 8.237858347637182 8.821140645272038 -5.0077169560954395
15.184541217590914 9.197235743583276 8.676000559679778 -3.8651255933151916
14.185877924808207 9.328266463435433 7.9870830138504925 -2.962489410739572
13.432034888332891 10.322391213287283 7.803118756509367 -2.487132026239429
